partiesfile version 1
369 369
 1 0 0 p_main_party Main_Party 1048576 0 0 28 0 0 0 0 0 110.000000 -130.000000 110.000000 -130.000000 110.000000 -130.000000 0.0 1 0 1 0 0 
0.000000
 1 1 1 p_temp_party {!}temp_party 256 0 0 1 0 0 0 0 0 120.000000 -120.000000 120.000000 -120.000000 120.000000 -120.000000 0.0 0 
0.000000
 1 2 2 p_camp_bandits {!}camp_bandits 256 0 0 2 0 0 0 0 0 120.000000 -120.000000 120.000000 -120.000000 120.000000 -120.000000 0.0 1 3 3 0 0 
0.000000
 1 3 3 p_temp_party_2 {!}temp_party_2 256 0 0 1 0 0 0 0 0 0.000000 0.000000 0.000000 0.000000 0.000000 0.000000 0.0 0 
0.000000
 1 4 4 p_temp_casualties {!}casualties 256 0 0 3 0 0 0 0 0 120.000000 -120.000000 120.000000 -120.000000 120.000000 -120.000000 0.0 0 
0.000000
 1 5 5 p_temp_casualties_2 {!}casualties 256 0 0 3 0 0 0 0 0 120.000000 -120.000000 120.000000 -120.000000 120.000000 -120.000000 0.0 0 
0.000000
 1 6 6 p_temp_casualties_3 {!}casualties 256 0 0 3 0 0 0 0 0 120.000000 -120.000000 120.000000 -120.000000 120.000000 -120.000000 0.0 0 
0.000000
 1 7 7 p_temp_wounded {!}enemies_wounded 256 0 0 3 0 0 0 0 0 120.000000 -120.000000 120.000000 -120.000000 120.000000 -120.000000 0.0 0 
0.000000
 1 8 8 p_temp_killed {!}enemies_killed 256 0 0 3 0 0 0 0 0 120.000000 -120.000000 120.000000 -120.000000 120.000000 -120.000000 0.0 0 
0.000000
 1 9 9 p_main_party_backup {!}_ 256 0 0 3 0 0 0 0 0 120.000000 -120.000000 120.000000 -120.000000 120.000000 -120.000000 0.0 0 
0.000000
 1 10 10 p_encountered_party_backup {!}_ 256 0 0 3 0 0 0 0 0 120.000000 -120.000000 120.000000 -120.000000 120.000000 -120.000000 0.0 0 
0.000000
 1 11 11 p_collective_friends_backup {!}_ 256 0 0 3 0 0 0 0 0 120.000000 -120.000000 120.000000 -120.000000 120.000000 -120.000000 0.0 0 
0.000000
 1 12 12 p_player_casualties {!}_ 256 0 0 3 0 0 0 0 0 120.000000 -120.000000 120.000000 -120.000000 120.000000 -120.000000 0.0 0 
0.000000
 1 13 13 p_enemy_casualties {!}_ 256 0 0 3 0 0 0 0 0 120.000000 -120.000000 120.000000 -120.000000 120.000000 -120.000000 0.0 0 
0.000000
 1 14 14 p_ally_casualties {!}_ 256 0 0 3 0 0 0 0 0 120.000000 -120.000000 120.000000 -120.000000 120.000000 -120.000000 0.0 0 
0.000000
 1 15 15 p_collective_enemy {!}collective_enemy 256 0 0 3 0 0 0 0 0 120.000000 -120.000000 120.000000 -120.000000 120.000000 -120.000000 0.0 0 
0.000000
 1 16 16 p_collective_ally {!}collective_ally 256 0 0 3 0 0 0 0 0 120.000000 -120.000000 120.000000 -120.000000 120.000000 -120.000000 0.0 0 
0.000000
 1 17 17 p_collective_friends {!}collective_ally 256 0 0 3 0 0 0 0 0 120.000000 -120.000000 120.000000 -120.000000 120.000000 -120.000000 0.0 0 
0.000000
 1 18 18 p_total_enemy_casualties {!}_ 256 0 0 3 0 0 0 0 0 120.000000 -120.000000 120.000000 -120.000000 120.000000 -120.000000 0.0 0 
0.000000
 1 19 19 p_routed_enemies {!}routed_enemies 256 0 0 3 0 0 0 0 0 120.000000 -120.000000 120.000000 -120.000000 120.000000 -120.000000 0.0 0 
0.000000
 1 20 20 p_freelancer_party_backup {!} 256 0 0 3 0 0 0 0 0 1.000000 1.000000 1.000000 1.000000 1.000000 1.000000 0.0 0 
0.000000
 1 21 21 p_zendar Zendar 2114828 0 0 3 0 0 0 0 0 209.000000 242.000000 209.000000 242.000000 209.000000 242.000000 0.0 0 
0.000000
 1 22 22 p_town_1 Edo 4219916 0 0 3 0 0 0 0 0 116.000000 -134.500000 116.000000 -134.500000 116.000000 -134.500000 0.0 0 
3.403392
 1 23 23 p_town_2 Mito 4219916 0 0 3 0 0 0 0 0 152.000000 -98.000000 152.000000 -98.000000 152.000000 -98.000000 0.0 0 
1.570796
 1 24 24 p_town_3 Choshi 4219916 0 0 3 0 0 0 0 0 160.000000 -130.000000 160.000000 -130.000000 160.000000 -130.000000 0.0 0 
2.094395
 1 25 25 p_town_4 Kyoto 4219917 0 0 3 0 0 0 0 0 -82.000000 -171.000000 -82.000000 -171.000000 -82.000000 -171.000000 0.0 0 
4.188790
 1 26 26 p_town_5 Sakai 4219917 0 0 3 0 0 0 0 0 -104.000000 -195.000000 -104.000000 -195.000000 -104.000000 -195.000000 0.0 0 
1.047198
 1 27 27 p_town_6 Tsu 4219917 0 0 3 0 0 0 0 0 -42.000000 -184.000000 -42.000000 -184.000000 -42.000000 -184.000000 0.0 0 
1.308997
 1 28 28 p_town_7 Himeji 4219916 0 0 3 0 0 0 0 0 -132.000000 -177.500000 -132.000000 -177.500000 -132.000000 -177.500000 0.0 0 
2.879793
 1 29 29 p_town_8 Kanazawa 4219916 0 0 3 0 0 0 0 0 -36.200000 -82.800000 -36.200000 -82.800000 -36.200000 -82.800000 0.0 0 
3.403392
 1 30 30 p_town_9 Kiyosu 4219916 0 0 3 0 0 0 0 0 -28.000000 -167.000000 -28.000000 -167.000000 -28.000000 -167.000000 0.0 0 
4.974188
 1 31 31 p_town_10 Niigata 4219916 0 0 3 0 0 0 0 0 76.300000 -26.300000 76.300000 -26.300000 76.300000 -26.300000 0.0 0 
0.523599
 1 32 32 p_town_11 Kofu 4219917 0 0 3 0 0 0 0 0 54.300000 -134.500000 54.300000 -134.500000 54.300000 -134.500000 0.0 0 
4.188790
 1 33 33 p_town_12 Kasugayama 4219916 0 0 3 0 0 0 0 0 40.900000 -59.200000 40.900000 -59.200000 40.900000 -59.200000 0.0 0 
4.450590
 1 34 34 p_town_13 Hiroshima 4219916 0 0 3 0 0 0 0 0 -246.000000 -204.000000 -246.000000 -204.000000 -246.000000 -204.000000 0.0 0 
2.879793
 1 35 35 p_town_14 Okayama 4219916 0 0 3 0 0 0 0 0 -168.000000 -188.000000 -168.000000 -188.000000 -168.000000 -188.000000 0.0 0 
0.209440
 1 36 36 p_town_15 Sendai 4219916 0 0 3 0 0 0 0 0 173.400000 -12.400000 173.400000 -12.400000 173.400000 -12.400000 0.0 0 
1.308997
 1 37 37 p_town_16 Yonezawa 4219916 0 0 3 0 0 0 0 0 130.100000 -14.000000 130.100000 -14.000000 130.100000 -14.000000 0.0 0 
4.712389
 1 38 38 p_town_17 Kubota 4219916 0 0 3 0 0 0 0 0 133.200000 65.100000 133.200000 65.100000 133.200000 65.100000 0.0 0 
1.047198
 1 39 39 p_town_18 Hirosaki 4219916 0 0 3 0 0 0 0 0 154.500000 118.500000 154.500000 118.500000 154.500000 118.500000 0.0 0 
6.283185
 1 40 40 p_town_19 Hakata 4219916 0 0 3 0 0 0 0 0 -337.000000 -233.000000 -337.000000 -233.000000 -337.000000 -233.000000 0.0 0 
4.450590
 1 41 41 p_town_20 Kagoshima 4219916 0 0 3 0 0 0 0 0 -337.600000 -338.000000 -337.600000 -338.000000 -337.600000 -338.000000 0.0 0 
3.926991
 1 42 42 p_town_21 Nagasaki 4219916 0 0 3 0 0 0 0 0 -369.000000 -279.000000 -369.000000 -279.000000 -369.000000 -279.000000 0.0 0 
4.712389
 1 43 43 p_town_22 Matsuyama 4219916 0 0 3 0 0 0 0 0 -227.500000 -230.900000 -227.500000 -230.900000 -227.500000 -230.900000 0.0 0 
4.188790
 1 44 44 p_town_23 Odawara 4219916 0 0 3 0 0 0 0 0 89.000000 -157.000000 89.000000 -157.000000 89.000000 -157.000000 0.0 0 
3.926991
 1 45 45 p_town_24 Nara 4219917 0 0 3 0 0 0 0 0 -79.500000 -187.400000 -79.500000 -187.400000 -79.500000 -187.400000 0.0 0 
2.094395
 1 46 46 p_town_25 Hamamatsu 4219916 0 0 3 0 0 0 0 0 24.000000 -179.000000 24.000000 -179.000000 24.000000 -179.000000 0.0 0 
2.094395
 1 47 47 p_town_26 Imahama 4219916 0 0 3 0 0 0 0 0 -72.000000 -146.000000 -72.000000 -146.000000 -72.000000 -146.000000 0.0 0 
5.497787
 1 48 48 p_town_27 Yamaguchi 4219916 0 0 3 0 0 0 0 0 -290.400000 -212.800000 -290.400000 -212.800000 -290.400000 -212.800000 0.0 0 
3.926991
 1 49 49 p_town_28 Izumo 4219916 0 0 3 0 0 0 0 0 -232.000000 -150.000000 -232.000000 -150.000000 -232.000000 -150.000000 0.0 0 
0.523599
 1 50 50 p_town_29 Funai 4219916 0 0 3 0 0 0 0 0 -276.500000 -260.500000 -276.500000 -260.500000 -276.500000 -260.500000 0.0 0 
4.712389
 1 51 51 p_town_30 Kumamoto 4219916 0 0 3 0 0 0 0 0 -336.200000 -276.600000 -336.200000 -276.600000 -336.200000 -276.600000 0.0 0 
2.617994
 1 52 52 p_town_31 Kochi 4219916 0 0 3 0 0 0 0 0 -192.000000 -240.000000 -192.000000 -240.000000 -192.000000 -240.000000 0.0 0 
2.356194
 1 53 53 p_town_32 Tottori 4219916 0 0 3 0 0 0 0 0 -161.700000 -138.400000 -161.700000 -138.400000 -161.700000 -138.400000 0.0 0 
4.450590
 1 54 54 p_castle_1 Kanayama_Castle 4215831 0 0 3 0 0 0 0 0 98.000000 -104.800000 98.000000 -104.800000 98.000000 -104.800000 0.0 0 
5.759586
 1 55 55 p_castle_2 Utsunomiya_Castle 4215831 0 0 3 0 0 0 0 0 130.000000 -77.800000 130.000000 -77.800000 130.000000 -77.800000 0.0 0 
4.974188
 1 56 56 p_castle_3 Takasaki_Castle 4215831 0 0 3 0 0 0 0 0 78.900000 -99.300000 78.900000 -99.300000 78.900000 -99.300000 0.0 0 
1.832596
 1 57 57 p_castle_4 Sakasai_Castle 4215831 0 0 3 0 0 0 0 0 117.000000 -100.700000 117.000000 -100.700000 117.000000 -100.700000 0.0 0 
6.021386
 1 58 58 p_castle_5 Kururi_Castle 4215831 0 0 3 0 0 0 0 0 131.200000 -155.800000 131.200000 -155.800000 131.200000 -155.800000 0.0 0 
2.356194
 1 59 59 p_castle_6 Sumoto_Castle 4215831 0 0 3 0 0 0 0 0 -128.000000 -202.000000 -128.000000 -202.000000 -128.000000 -202.000000 0.0 0 
4.974188
 1 60 60 p_castle_7 Obama_Castle 4215831 0 0 3 0 0 0 0 0 -99.000000 -141.600000 -99.000000 -141.600000 -99.000000 -141.600000 0.0 0 
6.021386
 1 61 61 p_castle_8 Kannonji_Castle 4215831 0 0 3 0 0 0 0 0 -65.000000 -168.100000 -65.000000 -168.100000 -65.000000 -168.100000 0.0 0 
0.000000
 1 62 62 p_castle_9 Tanabe_Castle 4215831 0 0 3 0 0 0 0 0 -100.000000 -230.900000 -100.000000 -230.900000 -100.000000 -230.900000 0.0 0 
5.235988
 1 63 63 p_castle_10 Ichijodani_Castle 4215831 0 0 3 0 0 0 0 0 -58.000000 -123.000000 -58.000000 -123.000000 -58.000000 -123.000000 0.0 0 
1.832596
 1 64 64 p_castle_11 Sasayama_Castle 4215831 0 0 3 0 0 0 0 0 -112.400000 -171.000000 -112.400000 -171.000000 -112.400000 -171.000000 0.0 0 
2.879793
 1 65 65 p_castle_12 Tamaru_Castle 4215831 0 0 3 0 0 0 0 0 -32.000000 -197.000000 -32.000000 -197.000000 -32.000000 -197.000000 0.0 0 
2.356194
 1 66 66 p_castle_13 Yoshida_Castle 4215831 0 0 3 0 0 0 0 0 1.800000 -179.500000 1.800000 -179.500000 1.800000 -179.500000 0.0 0 
2.617994
 1 67 67 p_castle_14 Toyama_Castle 4215831 0 0 3 0 0 0 0 0 -11.000000 -85.000000 -11.000000 -85.000000 -11.000000 -85.000000 0.0 0 
1.308997
 1 68 68 p_castle_15 Sakado_Castle 4215831 0 0 3 0 0 0 0 0 56.700000 -69.500000 56.700000 -69.500000 56.700000 -69.500000 0.0 0 
2.356194
 1 69 69 p_castle_16 Komaki_Castle 4215831 0 0 3 0 0 0 0 0 -26.000000 -153.000000 -26.000000 -153.000000 -26.000000 -153.000000 0.0 0 
5.497787
 1 70 70 p_castle_17 Iida_Castle 4215831 0 0 3 0 0 0 0 0 15.300000 -128.000000 15.300000 -128.000000 15.300000 -128.000000 0.0 0 
0.000000
 1 71 71 p_castle_18 Shibata_Castle 4215831 0 0 3 0 0 0 0 0 101.400000 -8.900000 101.400000 -8.900000 101.400000 -8.900000 0.0 0 
2.094395
 1 72 72 p_castle_19 Kaizu_Castle 4215831 0 0 3 0 0 0 0 0 40.900000 -96.800000 40.900000 -96.800000 40.900000 -96.800000 0.0 0 
5.235988
 1 73 73 p_castle_20 Takatenjin_Castle 4215831 0 0 3 0 0 0 0 0 34.100000 -181.400000 34.100000 -181.400000 34.100000 -181.400000 0.0 0 
1.308997
 1 74 74 p_castle_21 Ueda_Castle 4215831 0 0 3 0 0 0 0 0 39.000000 -114.000000 39.000000 -114.000000 39.000000 -114.000000 0.0 0 
0.523599
 1 75 75 p_castle_22 Gifu_Castle 4215831 0 0 3 0 0 0 0 0 -33.000000 -140.000000 -33.000000 -140.000000 -33.000000 -140.000000 0.0 0 
5.235988
 1 76 76 p_castle_23 Gassantoda_Castle 4215831 0 0 3 0 0 0 0 0 -216.100000 -152.400000 -216.100000 -152.400000 -216.100000 -152.400000 0.0 0 
2.094395
 1 77 77 p_castle_24 Yoshiwara_Castle 4215831 0 0 3 0 0 0 0 0 61.000000 -161.000000 61.000000 -161.000000 61.000000 -161.000000 0.0 0 
4.450590
 1 78 78 p_castle_25 Hamada_Castle 4215831 0 0 3 0 0 0 0 0 -254.200000 -172.300000 -254.200000 -172.300000 -254.200000 -172.300000 0.0 0 
6.021386
 1 79 79 p_castle_26 Hagi_Castle 4215831 0 0 3 0 0 0 0 0 -294.300000 -195.900000 -294.300000 -195.900000 -294.300000 -195.900000 0.0 0 
4.974188
 1 80 80 p_castle_27 Mihara_Castle 4215831 0 0 3 0 0 0 0 0 -214.000000 -202.100000 -214.000000 -202.100000 -214.000000 -202.100000 0.0 0 
3.926991
 1 81 81 p_castle_28 Tsuyama_Castle 4215831 0 0 3 0 0 0 0 0 -155.000000 -159.500000 -155.000000 -159.500000 -155.000000 -159.500000 0.0 0 
2.356194
 1 82 82 p_castle_29 Kushizaki_Castle 4215831 0 0 3 0 0 0 0 0 -316.000000 -214.000000 -316.000000 -214.000000 -316.000000 -214.000000 0.0 0 
6.283185
 1 83 83 p_castle_30 Hachinohe_Castle 4215831 0 0 3 0 0 0 0 0 197.900000 112.500000 197.900000 112.500000 197.900000 112.500000 0.0 0 
4.450590
 1 84 84 p_castle_31 Morioka_Castle 4215831 0 0 3 0 0 0 0 0 182.700000 69.200000 182.700000 69.200000 182.700000 69.200000 0.0 0 
4.450590
 1 85 85 p_castle_32 Ichinoseki_Castle 4215831 0 0 3 0 0 0 0 0 179.500000 33.300000 179.500000 33.300000 179.500000 33.300000 0.0 0 
2.356194
 1 86 86 p_castle_33 Yamagata_Castle 4215831 0 0 3 0 0 0 0 0 149.600000 12.700000 149.600000 12.700000 149.600000 12.700000 0.0 0 
0.785398
 1 87 87 p_castle_34 Shirakawa_Castle 4215831 0 0 3 0 0 0 0 0 145.600000 -52.000000 145.600000 -52.000000 145.600000 -52.000000 0.0 0 
2.617994
 1 88 88 p_castle_35 Tsuruoka_Castle 4215831 0 0 3 0 0 0 0 0 120.900000 31.200000 120.900000 31.200000 120.900000 31.200000 0.0 0 
5.759586
 1 89 89 p_castle_36 Iwaki_Castle 4215831 0 0 3 0 0 0 0 0 181.500000 -47.900000 181.500000 -47.900000 181.500000 -47.900000 0.0 0 
2.617994
 1 90 90 p_castle_37 Yokote_Castle 4215831 0 0 3 0 0 0 0 0 145.700000 51.800000 145.700000 51.800000 145.700000 51.800000 0.0 0 
3.141593
 1 91 91 p_castle_38 Hirado_Castle 4215831 0 0 3 0 0 0 0 0 -372.000000 -242.500000 -372.000000 -242.500000 -372.000000 -242.500000 0.0 0 
5.497787
 1 92 92 p_castle_39 Kokura_Castle 4215831 0 0 3 0 0 0 0 0 -317.000000 -224.000000 -317.000000 -224.000000 -317.000000 -224.000000 0.0 0 
1.308997
 1 93 93 p_castle_40 Nobeoka_Castle 4215831 0 0 3 0 0 0 0 0 -283.600000 -297.100000 -283.600000 -297.100000 -283.600000 -297.100000 0.0 0 
3.141593
 1 94 94 p_castle_41 Miyazaki_Castle 4215831 0 0 3 0 0 0 0 0 -293.100000 -317.800000 -293.100000 -317.800000 -293.100000 -317.800000 0.0 0 
5.235988
 1 95 95 p_castle_42 Aso_Castle 4215831 0 0 3 0 0 0 0 0 -311.000000 -277.000000 -311.000000 -277.000000 -311.000000 -277.000000 0.0 0 
1.047198
 1 96 96 p_castle_43 Sashiki_Castle 4215831 0 0 3 0 0 0 0 0 -350.000000 -296.000000 -350.000000 -296.000000 -350.000000 -296.000000 0.0 0 
0.261799
 1 97 97 p_castle_44 Yanagawa_Castle 4215831 0 0 3 0 0 0 0 0 -340.600000 -255.500000 -340.600000 -255.500000 -340.600000 -255.500000 0.0 0 
5.759586
 1 98 98 p_castle_45 Uwajima_Castle 4215831 0 0 3 0 0 0 0 0 -240.000000 -265.000000 -240.000000 -265.000000 -240.000000 -265.000000 0.0 0 
2.094395
 1 99 99 p_castle_46 Nakamura_Castle 4215831 0 0 3 0 0 0 0 0 -220.800000 -269.400000 -220.800000 -269.400000 -220.800000 -269.400000 0.0 0 
1.047198
 1 100 100 p_castle_47 Tokushima_Castle 4215831 0 0 3 0 0 0 0 0 -140.000000 -219.000000 -140.000000 -219.000000 -140.000000 -219.000000 0.0 0 
3.141593
 1 101 101 p_castle_48 Takamatsu_Castle 4215831 0 0 3 0 0 0 0 0 -166.900000 -200.000000 -166.900000 -200.000000 -166.900000 -200.000000 0.0 0 
5.497787
 1 102 102 p_castle_49 Kawagoe_Castle 4215831 0 0 3 0 0 0 0 0 99.300000 -125.000000 99.300000 -125.000000 99.300000 -125.000000 0.0 0 
2.094395
 1 103 103 p_castle_50 Konodai_Castle 4215831 0 0 3 0 0 0 0 0 135.200000 -132.200000 135.200000 -132.200000 135.200000 -132.200000 0.0 0 
1.570796
 1 104 104 p_castle_51 Akashi_Castle 4215831 0 0 3 0 0 0 0 0 -123.000000 -186.000000 -123.000000 -186.000000 -123.000000 -186.000000 0.0 0 
3.926991
 1 105 105 p_castle_52 Fukuchiyama_Castle 4215831 0 0 3 0 0 0 0 0 -121.000000 -151.000000 -121.000000 -151.000000 -121.000000 -151.000000 0.0 0 
3.926991
 1 106 106 p_castle_53 Sunpu_Castle 4215831 0 0 3 0 0 0 0 0 43.000000 -166.000000 43.000000 -166.000000 43.000000 -166.000000 0.0 0 
5.235988
 1 107 107 p_castle_54 Okazaki_Castle 4215831 0 0 3 0 0 0 0 0 -10.000000 -173.000000 -10.000000 -173.000000 -10.000000 -173.000000 0.0 0 
3.665191
 1 108 108 p_castle_55 Nagashino_Castle 4215831 0 0 3 0 0 0 0 0 9.500000 -160.000000 9.500000 -160.000000 9.500000 -160.000000 0.0 0 
2.617994
 1 109 109 p_castle_56 Iwamura_Castle 4215831 0 0 3 0 0 0 0 0 0.000000 -145.000000 0.000000 -145.000000 0.000000 -145.000000 0.0 0 
0.000000
 1 110 110 p_castle_57 Takane_Castle 4215831 0 0 3 0 0 0 0 0 27.000000 -137.000000 27.000000 -137.000000 27.000000 -137.000000 0.0 0 
3.141593
 1 111 111 p_castle_58 Ashigara_Castle 4215831 0 0 3 0 0 0 0 0 74.000000 -149.000000 74.000000 -149.000000 74.000000 -149.000000 0.0 0 
6.283185
 1 112 112 p_castle_59 Matsukura_Castle 4215831 0 0 3 0 0 0 0 0 16.000000 -67.000000 16.000000 -67.000000 16.000000 -67.000000 0.0 0 
1.047198
 1 113 113 p_castle_60 Shobara_Castle 4215831 0 0 3 0 0 0 0 0 -195.000000 -170.000000 -195.000000 -170.000000 -195.000000 -170.000000 0.0 0 
3.141593
 1 114 114 p_castle_61 Takahashi_Castle 4215831 0 0 3 0 0 0 0 0 -190.000000 -190.000000 -190.000000 -190.000000 -190.000000 -190.000000 0.0 0 
2.094395
 1 115 115 p_castle_62 Kurokawa_Castle 4215831 0 0 3 0 0 0 0 0 115.000000 -40.000000 115.000000 -40.000000 115.000000 -40.000000 0.0 0 
3.665191
 1 116 116 p_castle_63 Hitachi_Castle 4215831 0 0 3 0 0 0 0 0 167.000000 -73.000000 167.000000 -73.000000 167.000000 -73.000000 0.0 0 
2.356194
 1 117 117 p_castle_64 Kashima_Castle 4215831 0 0 3 0 0 0 0 0 -363.000000 -257.000000 -363.000000 -257.000000 -363.000000 -257.000000 0.0 0 
4.974188
 1 118 118 p_castle_65 Hitoyoshi_Castle 4215831 0 0 3 0 0 0 0 0 -327.000000 -312.000000 -327.000000 -312.000000 -327.000000 -312.000000 0.0 0 
0.523599
 1 119 119 p_castle_66 Nakatsu_Castle 4215831 0 0 3 0 0 0 0 0 -286.000000 -242.000000 -286.000000 -242.000000 -286.000000 -242.000000 0.0 0 
4.188790
 1 120 120 p_castle_67 Muroto_Castle 4215831 0 0 3 0 0 0 0 0 -159.000000 -250.000000 -159.000000 -250.000000 -159.000000 -250.000000 0.0 0 
1.047198
 1 121 121 p_castle_68 Kawanoe_Castle 4215831 0 0 3 0 0 0 0 0 -186.000000 -216.000000 -186.000000 -216.000000 -186.000000 -216.000000 0.0 0 
3.141593
 1 122 122 p_castle_69 Otari_Castle 4215831 0 0 3 0 0 0 0 0 28.500000 -86.900000 28.500000 -86.900000 28.500000 -86.900000 0.0 0 
0.523599
 1 123 123 p_castle_70 Iiyama_Castle 4215831 0 0 3 0 0 0 0 0 46.000000 -85.000000 46.000000 -85.000000 46.000000 -85.000000 0.0 0 
4.188790
 1 124 124 p_castle_71 Iwakura_Castle 4215831 0 0 3 0 0 0 0 0 -160.000000 -220.000000 -160.000000 -220.000000 -160.000000 -220.000000 0.0 0 
1.047198
 1 125 125 p_castle_72 Nagashima_Fortress 4215831 0 0 3 0 0 0 0 0 -41.000000 -170.000000 -41.000000 -170.000000 -41.000000 -170.000000 0.0 0 
3.141593
 1 126 126 p_castle_73 Katsuyama_Castle 4215831 0 0 3 0 0 0 0 0 138.000000 176.000000 138.000000 176.000000 138.000000 176.000000 0.0 0 
3.141593
 1 127 127 p_castle_74 Ishiyama_Fortress 4215831 0 0 3 0 0 0 0 0 -98.500000 -188.000000 -98.500000 -188.000000 -98.500000 -188.000000 0.0 0 
1.047198
 1 128 128 p_castle_75 Jogu-ji_Fortress 4215831 0 0 3 0 0 0 0 0 -2.000000 -167.000000 -2.000000 -167.000000 -2.000000 -167.000000 0.0 0 
0.523599
 1 129 129 p_village_1 Yamakita 2114574 0 0 3 0 0 0 0 0 83.500000 -150.000000 83.500000 -150.000000 83.500000 -150.000000 0.0 0 
6.021386
 1 130 130 p_village_2 Ichikawa 2114574 0 0 3 0 0 0 0 0 122.100000 -131.300000 122.100000 -131.300000 122.100000 -131.300000 0.0 0 
2.094395
 1 131 131 p_village_3 Kiyose 2114574 0 0 3 0 0 0 0 0 111.000000 -126.000000 111.000000 -126.000000 111.000000 -126.000000 0.0 0 
5.497787
 1 132 132 p_village_4 Kamakura 2114574 0 0 3 0 0 0 0 0 101.000000 -155.000000 101.000000 -155.000000 101.000000 -155.000000 0.0 0 
1.570796
 1 133 133 p_village_5 Miura 2114574 0 0 3 0 0 0 0 0 109.500000 -159.500000 109.500000 -159.500000 109.500000 -159.500000 0.0 0 
2.617994
 1 134 134 p_village_6 Naka 2114574 0 0 3 0 0 0 0 0 153.800000 -93.200000 153.800000 -93.200000 153.800000 -93.200000 0.0 0 
5.235988
 1 135 135 p_village_7 Kasumigaura 2114574 0 0 3 0 0 0 0 0 142.500000 -107.600000 142.500000 -107.600000 142.500000 -107.600000 0.0 0 
6.283185
 1 136 136 p_village_8 Katori 2114574 0 0 3 0 0 0 0 0 146.600000 -126.800000 146.600000 -126.800000 146.600000 -126.800000 0.0 0 
3.403392
 1 137 137 p_village_9 Asahi 2114574 0 0 3 0 0 0 0 0 153.800000 -134.100000 153.800000 -134.100000 153.800000 -134.100000 0.0 0 
0.000000
 1 138 138 p_village_10 Kanayama 2114574 0 0 3 0 0 0 0 0 101.000000 -107.800000 101.000000 -107.800000 101.000000 -107.800000 0.0 0 
5.235988
 1 139 139 p_village_11 Utsunomiya 2114574 0 0 3 0 0 0 0 0 125.800000 -80.100000 125.800000 -80.100000 125.800000 -80.100000 0.0 0 
4.450590
 1 140 140 p_village_12 Maebashi 2114574 0 0 3 0 0 0 0 0 81.000000 -103.500000 81.000000 -103.500000 81.000000 -103.500000 0.0 0 
0.523599
 1 141 141 p_village_13 Sakasai 2114574 0 0 3 0 0 0 0 0 114.800000 -98.500000 114.800000 -98.500000 114.800000 -98.500000 0.0 0 
0.000000
 1 142 142 p_village_14 Kimitsu 2114574 0 0 3 0 0 0 0 0 123.100000 -156.900000 123.100000 -156.900000 123.100000 -156.900000 0.0 0 
4.974188
 1 143 143 p_village_15 Ibaraki 2114574 0 0 3 0 0 0 0 0 -89.800000 -178.300000 -89.800000 -178.300000 -89.800000 -178.300000 0.0 0 
2.356194
 1 144 144 p_village_16 Kamigyo 2114574 0 0 3 0 0 0 0 0 -79.500000 -166.000000 -79.500000 -166.000000 -79.500000 -166.000000 0.0 0 
5.497787
 1 145 145 p_village_17 Kameoka 2114574 0 0 3 0 0 0 0 0 -88.800000 -169.000000 -88.800000 -169.000000 -88.800000 -169.000000 0.0 0 
3.665191
 1 146 146 p_village_18 Kishiwada 2114574 0 0 3 0 0 0 0 0 -109.000000 -201.000000 -109.000000 -201.000000 -109.000000 -201.000000 0.0 0 
1.570796
 1 147 147 p_village_19 Wakayama 2114574 0 0 3 0 0 0 0 0 -114.300000 -218.300000 -114.300000 -218.300000 -114.300000 -218.300000 0.0 0 
5.497787
 1 148 148 p_village_20 Kobe 2114574 0 0 3 0 0 0 0 0 -112.000000 -185.000000 -112.000000 -185.000000 -112.000000 -185.000000 0.0 0 
4.188790
 1 149 149 p_village_21 Misaki 2114574 0 0 3 0 0 0 0 0 -119.000000 -208.500000 -119.000000 -208.500000 -119.000000 -208.500000 0.0 0 
1.570796
 1 150 150 p_village_22 Matsusaka 2114574 0 0 3 0 0 0 0 0 -42.000000 -194.000000 -42.000000 -194.000000 -42.000000 -194.000000 0.0 0 
3.141593
 1 151 151 p_village_23 Uji 2114574 0 0 3 0 0 0 0 0 -30.000000 -201.000000 -30.000000 -201.000000 -30.000000 -201.000000 0.0 0 
0.000000
 1 152 152 p_village_24 Aioi 2114574 0 0 3 0 0 0 0 0 -140.000000 -178.000000 -140.000000 -178.000000 -140.000000 -178.000000 0.0 0 
0.785398
 1 153 153 p_village_25 Kasai 2114574 0 0 3 0 0 0 0 0 -128.900000 -169.200000 -128.900000 -169.200000 -128.900000 -169.200000 0.0 0 
1.047198
 1 154 154 p_village_26 Sumoto 2114574 0 0 3 0 0 0 0 0 -129.000000 -206.000000 -129.000000 -206.000000 -129.000000 -206.000000 0.0 0 
1.047198
 1 155 155 p_village_27 Obama 2114574 0 0 3 0 0 0 0 0 -98.000000 -139.400000 -98.000000 -139.400000 -98.000000 -139.400000 0.0 0 
0.000000
 1 156 156 p_village_28 Azuchi 2114574 0 0 3 0 0 0 0 0 -67.500000 -165.000000 -67.500000 -165.000000 -67.500000 -165.000000 0.0 0 
3.403392
 1 157 157 p_village_29 Tanabe 2114574 0 0 3 0 0 0 0 0 -104.100000 -229.800000 -104.100000 -229.800000 -104.100000 -229.800000 0.0 0 
4.712389
 1 158 158 p_village_30 Kohoku 2114574 0 0 3 0 0 0 0 0 -63.000000 -140.600000 -63.000000 -140.600000 -63.000000 -140.600000 0.0 0 
5.759586
 1 159 159 p_village_31 Sasayama 2114574 0 0 3 0 0 0 0 0 -115.300000 -173.900000 -115.300000 -173.900000 -115.300000 -173.900000 0.0 0 
4.974188
 1 160 160 p_village_32 Kameyama 2114574 0 0 3 0 0 0 0 0 -49.000000 -174.000000 -49.000000 -174.000000 -49.000000 -174.000000 0.0 0 
4.974188
 1 161 161 p_village_33 Daishoji 2114574 0 0 3 0 0 0 0 0 -50.000000 -96.000000 -50.000000 -96.000000 -50.000000 -96.000000 0.0 0 
5.497787
 1 162 162 p_village_34 Yoshizaki 2114574 0 0 3 0 0 0 0 0 -56.500000 -102.500000 -56.500000 -102.500000 -56.500000 -102.500000 0.0 0 
0.523599
 1 163 163 p_village_35 Kahoku 2114574 0 0 3 0 0 0 0 0 -30.200000 -74.700000 -30.200000 -74.700000 -30.200000 -74.700000 0.0 0 
4.712389
 1 164 164 p_village_36 Miyukizuka 2114574 0 0 3 0 0 0 0 0 -43.500000 -91.100000 -43.500000 -91.100000 -43.500000 -91.100000 0.0 0 
0.000000
 1 165 165 p_village_37 Kuwana 2114574 0 0 3 0 0 0 0 0 -36.000000 -166.000000 -36.000000 -166.000000 -36.000000 -166.000000 0.0 0 
4.450590
 1 166 166 p_village_38 Chita 2114574 0 0 3 0 0 0 0 0 -23.000000 -169.200000 -23.000000 -169.200000 -23.000000 -169.200000 0.0 0 
2.879793
 1 167 167 p_village_39 Arako 2114574 0 0 3 0 0 0 0 0 -31.000000 -163.000000 -31.000000 -163.000000 -31.000000 -163.000000 0.0 0 
2.617994
 1 168 168 p_village_40 Yoita 2114574 0 0 3 0 0 0 0 0 61.000000 -59.000000 61.000000 -59.000000 61.000000 -59.000000 0.0 0 
2.356194
 1 169 169 p_village_41 Tsubame 2114574 0 0 3 0 0 0 0 0 69.000000 -40.300000 69.000000 -40.300000 69.000000 -40.300000 0.0 0 
3.403392
 1 170 170 p_village_42 Agano 2114574 0 0 3 0 0 0 0 0 89.300000 -24.300000 89.300000 -24.300000 89.300000 -24.300000 0.0 0 
5.235988
 1 171 171 p_village_43 Hokuto 2114574 0 0 3 0 0 0 0 0 49.800000 -128.900000 49.800000 -128.900000 49.800000 -128.900000 0.0 0 
1.570796
 1 172 172 p_village_44 Chuo 2114574 0 0 3 0 0 0 0 0 56.000000 -140.300000 56.000000 -140.300000 56.000000 -140.300000 0.0 0 
6.283185
 1 173 173 p_village_45 Kashiwazaki 2114574 0 0 3 0 0 0 0 0 48.300000 -55.900000 48.300000 -55.900000 48.300000 -55.900000 0.0 0 
0.785398
 1 174 174 p_village_46 Myoko 2114574 0 0 3 0 0 0 0 0 37.900000 -72.400000 37.900000 -72.400000 37.900000 -72.400000 0.0 0 
4.712389
 1 175 175 p_village_47 Toyohashi 2114574 0 0 3 0 0 0 0 0 -0.300000 -177.400000 -0.300000 -177.400000 -0.300000 -177.400000 0.0 0 
0.000000
 1 176 176 p_village_48 Imizu 2114574 0 0 3 0 0 0 0 0 -15.000000 -80.000000 -15.000000 -80.000000 -15.000000 -80.000000 0.0 0 
0.261799
 1 177 177 p_village_49 Uedanosho 2114574 0 0 3 0 0 0 0 0 59.700000 -66.000000 59.700000 -66.000000 59.700000 -66.000000 0.0 0 
3.403392
 1 178 178 p_village_50 Kitanosho 2114574 0 0 3 0 0 0 0 0 -63.000000 -117.000000 -63.000000 -117.000000 -63.000000 -117.000000 0.0 0 
0.785398
 1 179 179 p_village_51 Iida 2114574 0 0 3 0 0 0 0 0 11.400000 -134.100000 11.400000 -134.100000 11.400000 -134.100000 0.0 0 
4.974188
 1 180 180 p_village_52 Shibata 2114574 0 0 3 0 0 0 0 0 101.400000 -11.900000 101.400000 -11.900000 101.400000 -11.900000 0.0 0 
5.497787
 1 181 181 p_village_53 Katsurao 2114574 0 0 3 0 0 0 0 0 34.000000 -99.700000 34.000000 -99.700000 34.000000 -99.700000 0.0 0 
3.926991
 1 182 182 p_village_54 Kakegawa 2114574 0 0 3 0 0 0 0 0 34.000000 -178.400000 34.000000 -178.400000 34.000000 -178.400000 0.0 0 
5.759586
 1 183 183 p_village_55 Suwa 2114574 0 0 3 0 0 0 0 0 36.000000 -118.000000 36.000000 -118.000000 36.000000 -118.000000 0.0 0 
1.832596
 1 184 184 p_village_56 Sekigahara 2114574 0 0 3 0 0 0 0 0 -45.000000 -148.000000 -45.000000 -148.000000 -45.000000 -148.000000 0.0 0 
5.497787
 1 185 185 p_village_57 Iwakuni 2114574 0 0 3 0 0 0 0 0 -257.000000 -215.000000 -257.000000 -215.000000 -257.000000 -215.000000 0.0 0 
1.832596
 1 186 186 p_village_58 Akitakata 2114574 0 0 3 0 0 0 0 0 -233.600000 -181.500000 -233.600000 -181.500000 -233.600000 -181.500000 0.0 0 
2.356194
 1 187 187 p_village_59 Takehara 2114574 0 0 3 0 0 0 0 0 -231.000000 -206.000000 -231.000000 -206.000000 -231.000000 -206.000000 0.0 0 
2.879793
 1 188 188 p_village_60 Kurashiki 2114574 0 0 3 0 0 0 0 0 -175.100000 -189.600000 -175.100000 -189.600000 -175.100000 -189.600000 0.0 0 
3.403392
 1 189 189 p_village_61 Setouchi 2114574 0 0 3 0 0 0 0 0 -155.000000 -182.500000 -155.000000 -182.500000 -155.000000 -182.500000 0.0 0 
2.879793
 1 190 190 p_village_62 Kasaoka 2114574 0 0 3 0 0 0 0 0 -181.300000 -191.700000 -181.300000 -191.700000 -181.300000 -191.700000 0.0 0 
3.403392
 1 191 191 p_village_63 Gassantoda 2114574 0 0 3 0 0 0 0 0 -213.100000 -153.400000 -213.100000 -153.400000 -213.100000 -153.400000 0.0 0 
1.047198
 1 192 192 p_village_64 Yoshiwara 2114574 0 0 3 0 0 0 0 0 64.000000 -163.000000 64.000000 -163.000000 64.000000 -163.000000 0.0 0 
4.450590
 1 193 193 p_village_65 Hamada 2114574 0 0 3 0 0 0 0 0 -260.400000 -174.300000 -260.400000 -174.300000 -260.400000 -174.300000 0.0 0 
1.832596
 1 194 194 p_village_66 Hagi 2114574 0 0 3 0 0 0 0 0 -291.200000 -194.900000 -291.200000 -194.900000 -291.200000 -194.900000 0.0 0 
2.094395
 1 195 195 p_village_67 Mihara 2114574 0 0 3 0 0 0 0 0 -218.200000 -202.100000 -218.200000 -202.100000 -218.200000 -202.100000 0.0 0 
2.094395
 1 196 196 p_village_68 Tsuyama 2114574 0 0 3 0 0 0 0 0 -148.000000 -159.000000 -148.000000 -159.000000 -148.000000 -159.000000 0.0 0 
5.497787
 1 197 197 p_village_69 Shimonseki 2114574 0 0 3 0 0 0 0 0 -316.000000 -217.000000 -316.000000 -217.000000 -316.000000 -217.000000 0.0 0 
1.832596
 1 198 198 p_village_70 Iwanuma 2114574 0 0 3 0 0 0 0 0 174.300000 -25.000000 174.300000 -25.000000 174.300000 -25.000000 0.0 0 
4.974188
 1 199 199 p_village_71 Matsushima 2114574 0 0 3 0 0 0 0 0 185.900000 5.500000 185.900000 5.500000 185.900000 5.500000 0.0 0 
2.094395
 1 200 200 p_village_72 Osaki 2114574 0 0 3 0 0 0 0 0 172.300000 4.800000 172.300000 4.800000 172.300000 4.800000 0.0 0 
4.974188
 1 201 201 p_village_73 Fukushima 2114574 0 0 3 0 0 0 0 0 156.000000 -25.000000 156.000000 -25.000000 156.000000 -25.000000 0.0 0 
5.235988
 1 202 202 p_village_74 Nagai 2114574 0 0 3 0 0 0 0 0 120.000000 -12.000000 120.000000 -12.000000 120.000000 -12.000000 0.0 0 
0.261799
 1 203 203 p_village_75 Nanyo 2114574 0 0 3 0 0 0 0 0 140.000000 -8.000000 140.000000 -8.000000 140.000000 -8.000000 0.0 0 
1.570796
 1 204 204 p_village_76 Tsuru 2114574 0 0 3 0 0 0 0 0 65.500000 -135.000000 65.500000 -135.000000 65.500000 -135.000000 0.0 0 
2.356194
 1 205 205 p_village_77 Katagami 2114574 0 0 3 0 0 0 0 0 128.000000 76.000000 128.000000 76.000000 128.000000 76.000000 0.0 0 
0.523599
 1 206 206 p_village_78 Noshiro 2114574 0 0 3 0 0 0 0 0 131.000000 96.000000 131.000000 96.000000 131.000000 96.000000 0.0 0 
2.879793
 1 207 207 p_village_79 Utou 2114574 0 0 3 0 0 0 0 0 161.000000 128.000000 161.000000 128.000000 161.000000 128.000000 0.0 0 
0.261799
 1 208 208 p_village_80 Hirakawa 2114574 0 0 3 0 0 0 0 0 150.600000 133.000000 150.600000 133.000000 150.600000 133.000000 0.0 0 
2.094395
 1 209 209 p_village_81 Hachinohe 2114574 0 0 3 0 0 0 0 0 205.200000 113.400000 205.200000 113.400000 205.200000 113.400000 0.0 0 
2.617994
 1 210 210 p_village_82 Morioka 2114574 0 0 3 0 0 0 0 0 182.700000 62.000000 182.700000 62.000000 182.700000 62.000000 0.0 0 
1.308997
 1 211 211 p_village_83 Ichinoseki 2114574 0 0 3 0 0 0 0 0 180.400000 39.300000 180.400000 39.300000 180.400000 39.300000 0.0 0 
3.665191
 1 212 212 p_village_84 Yamagata 2114574 0 0 3 0 0 0 0 0 150.000000 8.000000 150.000000 8.000000 150.000000 8.000000 0.0 0 
6.283185
 1 213 213 p_village_85 Shirakawa 2114574 0 0 3 0 0 0 0 0 140.400000 -55.100000 140.400000 -55.100000 140.400000 -55.100000 0.0 0 
3.141593
 1 214 214 p_village_86 Tsuruoka 2114574 0 0 3 0 0 0 0 0 118.000000 31.000000 118.000000 31.000000 118.000000 31.000000 0.0 0 
3.141593
 1 215 215 p_village_87 Iwaki 2114574 0 0 3 0 0 0 0 0 180.500000 -53.100000 180.500000 -53.100000 180.500000 -53.100000 0.0 0 
4.450590
 1 216 216 p_village_88 Yokote 2114574 0 0 3 0 0 0 0 0 146.600000 46.700000 146.600000 46.700000 146.600000 46.700000 0.0 0 
0.000000
 1 217 217 p_village_89 Fukuoka 2114574 0 0 3 0 0 0 0 0 -334.000000 -229.000000 -334.000000 -229.000000 -334.000000 -229.000000 0.0 0 
1.047198
 1 218 218 p_village_90 Itoshima 2114574 0 0 3 0 0 0 0 0 -348.000000 -237.000000 -348.000000 -237.000000 -348.000000 -237.000000 0.0 0 
1.308997
 1 219 219 p_village_91 Chikushino 2114574 0 0 3 0 0 0 0 0 -333.400000 -240.100000 -333.400000 -240.100000 -333.400000 -240.100000 0.0 0 
6.283185
 1 220 220 p_village_92 Ibusuki 2114574 0 0 3 0 0 0 0 0 -338.300000 -355.700000 -338.300000 -355.700000 -338.300000 -355.700000 0.0 0 
1.047198
 1 221 221 p_village_93 Kirishima 2114574 0 0 3 0 0 0 0 0 -326.100000 -329.600000 -326.100000 -329.600000 -326.100000 -329.600000 0.0 0 
2.356194
 1 222 222 p_village_94 Kanoya 2114574 0 0 3 0 0 0 0 0 -321.000000 -353.600000 -321.000000 -353.600000 -321.000000 -353.600000 0.0 0 
3.403392
 1 223 223 p_village_95 Sasebo 2114574 0 0 3 0 0 0 0 0 -367.500000 -267.900000 -367.500000 -267.900000 -367.500000 -267.900000 0.0 0 
1.570796
 1 224 224 p_village_96 Shimabara 2114574 0 0 3 0 0 0 0 0 -353.000000 -279.000000 -353.000000 -279.000000 -353.000000 -279.000000 0.0 0 
6.283185
 1 225 225 p_village_97 Hirado 2114574 0 0 3 0 0 0 0 0 -373.500000 -240.000000 -373.500000 -240.000000 -373.500000 -240.000000 0.0 0 
0.785398
 1 226 226 p_village_98 Kitakyushu 2114574 0 0 3 0 0 0 0 0 -313.000000 -222.000000 -313.000000 -222.000000 -313.000000 -222.000000 0.0 0 
5.235988
 1 227 227 p_village_99 Nobeoka 2114574 0 0 3 0 0 0 0 0 -285.600000 -300.100000 -285.600000 -300.100000 -285.600000 -300.100000 0.0 0 
5.759586
 1 228 228 p_village_100 Miyazaki 2114574 0 0 3 0 0 0 0 0 -296.000000 -321.000000 -296.000000 -321.000000 -296.000000 -321.000000 0.0 0 
6.283185
 1 229 229 p_village_101 Aso 2114574 0 0 3 0 0 0 0 0 -312.000000 -282.000000 -312.000000 -282.000000 -312.000000 -282.000000 0.0 0 
2.879793
 1 230 230 p_village_102 Sashiki 2114574 0 0 3 0 0 0 0 0 -347.900000 -294.100000 -347.900000 -294.100000 -347.900000 -294.100000 0.0 0 
2.094395
 1 231 231 p_village_103 Yanagawa 2114574 0 0 3 0 0 0 0 0 -344.700000 -252.600000 -344.700000 -252.600000 -344.700000 -252.600000 0.0 0 
4.712389
 1 232 232 p_village_104 Saijo 2114574 0 0 3 0 0 0 0 0 -206.000000 -222.000000 -206.000000 -222.000000 -206.000000 -222.000000 0.0 0 
0.000000
 1 233 233 p_village_105 Toon 2114574 0 0 3 0 0 0 0 0 -230.000000 -236.000000 -230.000000 -236.000000 -230.000000 -236.000000 0.0 0 
4.712389
 1 234 234 p_village_106 Gunchuu 2114574 0 0 3 0 0 0 0 0 -212.000000 -236.000000 -212.000000 -236.000000 -212.000000 -236.000000 0.0 0 
3.926991
 1 235 235 p_village_107 Uwajima 2114574 0 0 3 0 0 0 0 0 -238.000000 -267.000000 -238.000000 -267.000000 -238.000000 -267.000000 0.0 0 
0.261799
 1 236 236 p_village_108 Nakamura 2114574 0 0 3 0 0 0 0 0 -218.800000 -271.400000 -218.800000 -271.400000 -218.800000 -271.400000 0.0 0 
2.356194
 1 237 237 p_village_109 Anan 2114574 0 0 3 0 0 0 0 0 -137.000000 -227.000000 -137.000000 -227.000000 -137.000000 -227.000000 0.0 0 
1.832596
 1 238 238 p_village_110 Takamatsu 2114574 0 0 3 0 0 0 0 0 -161.700000 -202.000000 -161.700000 -202.000000 -161.700000 -202.000000 0.0 0 
0.000000
 1 239 239 p_village_111 Kawaguchi 2114574 0 0 3 0 0 0 0 0 117.000000 -120.000000 117.000000 -120.000000 117.000000 -120.000000 0.0 0 
5.759586
 1 240 240 p_village_112 Shiki 2114574 0 0 3 0 0 0 0 0 106.500000 -121.500000 106.500000 -121.500000 106.500000 -121.500000 0.0 0 
4.712389
 1 241 241 p_village_113 Ikoma 2114574 0 0 3 0 0 0 0 0 -85.000000 -189.000000 -85.000000 -189.000000 -85.000000 -189.000000 0.0 0 
2.879793
 1 242 242 p_village_114 Asuka 2114574 0 0 3 0 0 0 0 0 -76.000000 -196.000000 -76.000000 -196.000000 -76.000000 -196.000000 0.0 0 
2.356194
 1 243 243 p_village_115 Gojo 2114574 0 0 3 0 0 0 0 0 -78.000000 -202.000000 -78.000000 -202.000000 -78.000000 -202.000000 0.0 0 
5.235988
 1 244 244 p_village_116 Maisaka 2114574 0 0 3 0 0 0 0 0 19.000000 -179.000000 19.000000 -179.000000 19.000000 -179.000000 0.0 0 
1.570796
 1 245 245 p_village_117 Kosai 2114574 0 0 3 0 0 0 0 0 14.000000 -177.000000 14.000000 -177.000000 14.000000 -177.000000 0.0 0 
6.021386
 1 246 246 p_village_118 Mikatagahara 2114574 0 0 3 0 0 0 0 0 25.000000 -173.000000 25.000000 -173.000000 25.000000 -173.000000 0.0 0 
6.021386
 1 247 247 p_village_119 Kunitomo 2114574 0 0 3 0 0 0 0 0 -69.000000 -152.000000 -69.000000 -152.000000 -69.000000 -152.000000 0.0 0 
2.879793
 1 248 248 p_village_120 Nagakute 2114574 0 0 3 0 0 0 0 0 -21.000000 -158.000000 -21.000000 -158.000000 -21.000000 -158.000000 0.0 0 
4.712389
 1 249 249 p_village_121 Ube 2114574 0 0 3 0 0 0 0 0 -300.000000 -219.000000 -300.000000 -219.000000 -300.000000 -219.000000 0.0 0 
1.047198
 1 250 250 p_village_122 Hofu 2114574 0 0 3 0 0 0 0 0 -285.000000 -217.000000 -285.000000 -217.000000 -285.000000 -217.000000 0.0 0 
1.047198
 1 251 251 p_village_123 Tokuyama 2114574 0 0 3 0 0 0 0 0 -273.000000 -222.000000 -273.000000 -222.000000 -273.000000 -222.000000 0.0 0 
1.308997
 1 252 252 p_village_124 Mihonoseki 2114574 0 0 3 0 0 0 0 0 -208.000000 -136.300000 -208.000000 -136.300000 -208.000000 -136.300000 0.0 0 
0.785398
 1 253 253 p_village_125 Yonago 2114574 0 0 3 0 0 0 0 0 -204.000000 -143.000000 -204.000000 -143.000000 -204.000000 -143.000000 0.0 0 
3.926991
 1 254 254 p_village_126 Unnan 2114574 0 0 3 0 0 0 0 0 -228.000000 -155.000000 -228.000000 -155.000000 -228.000000 -155.000000 0.0 0 
1.832596
 1 255 255 p_village_127 Usuki 2114574 0 0 3 0 0 0 0 0 -269.000000 -257.000000 -269.000000 -257.000000 -269.000000 -257.000000 0.0 0 
6.283185
 1 256 256 p_village_128 Yufu 2114574 0 0 3 0 0 0 0 0 -285.300000 -262.300000 -285.300000 -262.300000 -285.300000 -262.300000 0.0 0 
5.497787
 1 257 257 p_village_129 Taketa 2114574 0 0 3 0 0 0 0 0 -289.200000 -277.900000 -289.200000 -277.900000 -289.200000 -277.900000 0.0 0 
5.759586
 1 258 258 p_village_130 Tamana 2114574 0 0 3 0 0 0 0 0 -341.000000 -269.000000 -341.000000 -269.000000 -341.000000 -269.000000 0.0 0 
4.450590
 1 259 259 p_village_131 Yatsushiro 2114574 0 0 3 0 0 0 0 0 -344.000000 -287.000000 -344.000000 -287.000000 -344.000000 -287.000000 0.0 0 
3.926991
 1 260 260 p_village_132 Kikuchi 2114574 0 0 3 0 0 0 0 0 -326.000000 -270.000000 -326.000000 -270.000000 -326.000000 -270.000000 0.0 0 
5.497787
 1 261 261 p_village_133 Nankoku 2114574 0 0 3 0 0 0 0 0 -186.000000 -239.000000 -186.000000 -239.000000 -186.000000 -239.000000 0.0 0 
0.785398
 1 262 262 p_village_134 Aki 2114574 0 0 3 0 0 0 0 0 -173.000000 -244.000000 -173.000000 -244.000000 -173.000000 -244.000000 0.0 0 
2.356194
 1 263 263 p_village_135 Susaki 2114574 0 0 3 0 0 0 0 0 -205.000000 -252.000000 -205.000000 -252.000000 -205.000000 -252.000000 0.0 0 
2.094395
 1 264 264 p_village_136 Kawagoe 2114574 0 0 3 0 0 0 0 0 101.300000 -126.500000 101.300000 -126.500000 101.300000 -126.500000 0.0 0 
2.879793
 1 265 265 p_village_137 Konodai 2114574 0 0 3 0 0 0 0 0 130.700000 -134.200000 130.700000 -134.200000 130.700000 -134.200000 0.0 0 
0.785398
 1 266 266 p_village_138 Akashi 2114574 0 0 3 0 0 0 0 0 -120.000000 -187.000000 -120.000000 -187.000000 -120.000000 -187.000000 0.0 0 
6.283185
 1 267 267 p_village_139 Fukuchiyama 2114574 0 0 3 0 0 0 0 0 -123.000000 -146.000000 -123.000000 -146.000000 -123.000000 -146.000000 0.0 0 
5.235988
 1 268 268 p_village_140 Sunpu 2114574 0 0 3 0 0 0 0 0 47.000000 -167.000000 47.000000 -167.000000 47.000000 -167.000000 0.0 0 
5.759586
 1 269 269 p_village_141 Okazaki 2114574 0 0 3 0 0 0 0 0 -7.000000 -174.000000 -7.000000 -174.000000 -7.000000 -174.000000 0.0 0 
3.403392
 1 270 270 p_village_142 Nagashino 2114574 0 0 3 0 0 0 0 0 15.000000 -157.000000 15.000000 -157.000000 15.000000 -157.000000 0.0 0 
0.261799
 1 271 271 p_village_143 Akechi 2114574 0 0 3 0 0 0 0 0 -6.000000 -149.000000 -6.000000 -149.000000 -6.000000 -149.000000 0.0 0 
4.450590
 1 272 272 p_village_144 Takane 2114574 0 0 3 0 0 0 0 0 25.000000 -144.000000 25.000000 -144.000000 25.000000 -144.000000 0.0 0 
2.356194
 1 273 273 p_village_145 Ashigara 2114574 0 0 3 0 0 0 0 0 79.000000 -147.500000 79.000000 -147.500000 79.000000 -147.500000 0.0 0 
0.523599
 1 274 274 p_village_146 Matsukura 2114574 0 0 3 0 0 0 0 0 20.000000 -65.000000 20.000000 -65.000000 20.000000 -65.000000 0.0 0 
0.261799
 1 275 275 p_village_147 Shobara 2114574 0 0 3 0 0 0 0 0 -202.000000 -174.000000 -202.000000 -174.000000 -202.000000 -174.000000 0.0 0 
4.450590
 1 276 276 p_village_148 Takahashi 2114574 0 0 3 0 0 0 0 0 -195.000000 -193.000000 -195.000000 -193.000000 -195.000000 -193.000000 0.0 0 
4.450590
 1 277 277 p_village_149 Aizu 2114574 0 0 3 0 0 0 0 0 110.000000 -37.000000 110.000000 -37.000000 110.000000 -37.000000 0.0 0 
2.617994
 1 278 278 p_village_150 Hitachi 2114574 0 0 3 0 0 0 0 0 170.000000 -69.000000 170.000000 -69.000000 170.000000 -69.000000 0.0 0 
3.141593
 1 279 279 p_village_151 Kashima 2114574 0 0 3 0 0 0 0 0 -361.000000 -255.500000 -361.000000 -255.500000 -361.000000 -255.500000 0.0 0 
5.235988
 1 280 280 p_village_152 Hitoyoshi 2114574 0 0 3 0 0 0 0 0 -330.000000 -317.000000 -330.000000 -317.000000 -330.000000 -317.000000 0.0 0 
1.832596
 1 281 281 p_village_153 Nakatsu 2114574 0 0 3 0 0 0 0 0 -293.000000 -241.000000 -293.000000 -241.000000 -293.000000 -241.000000 0.0 0 
2.879793
 1 282 282 p_village_154 Muroto 2114574 0 0 3 0 0 0 0 0 -161.000000 -248.000000 -161.000000 -248.000000 -161.000000 -248.000000 0.0 0 
5.497787
 1 283 283 p_village_155 Kawanoe 2114574 0 0 3 0 0 0 0 0 -190.000000 -217.000000 -190.000000 -217.000000 -190.000000 -217.000000 0.0 0 
5.497787
 1 284 284 p_village_156 Mikata 2114574 0 0 3 0 0 0 0 0 -145.000000 -137.000000 -145.000000 -137.000000 -145.000000 -137.000000 0.0 0 
5.497787
 1 285 285 p_village_157 Kurayoshi 2114574 0 0 3 0 0 0 0 0 -180.000000 -142.000000 -180.000000 -142.000000 -180.000000 -142.000000 0.0 0 
2.879793
 1 286 286 p_village_158 Otari 2114574 0 0 3 0 0 0 0 0 30.000000 -92.000000 30.000000 -92.000000 30.000000 -92.000000 0.0 0 
1.832596
 1 287 287 p_village_159 Iiyama 2114574 0 0 3 0 0 0 0 0 50.000000 -80.000000 50.000000 -80.000000 50.000000 -80.000000 0.0 0 
5.235988
 1 288 288 p_village_160 Iwakura 2114574 0 0 3 0 0 0 0 0 -165.000000 -221.000000 -165.000000 -221.000000 -165.000000 -221.000000 0.0 0 
3.141593
 1 289 289 p_village_161 Nagashima 2114574 0 0 3 0 0 0 0 0 -40.000000 -167.000000 -40.000000 -167.000000 -40.000000 -167.000000 0.0 0 
2.617994
 1 290 290 p_village_162 Usukeshi 2114574 0 0 3 0 0 0 0 0 166.000000 174.000000 166.000000 174.000000 166.000000 174.000000 0.0 0 
2.617994
 1 291 291 p_village_163 Osaka 2114574 0 0 3 0 0 0 0 0 -102.500000 -189.500000 -102.500000 -189.500000 -102.500000 -189.500000 0.0 0 
2.617994
 1 292 292 p_village_164 Azukikaza 2114574 0 0 3 0 0 0 0 0 -5.000000 -165.000000 -5.000000 -165.000000 -5.000000 -165.000000 0.0 0 
2.617994
 1 293 293 p_fort_1 Sado 17437 0 0 3 0 0 0 0 0 48.000000 -14.500000 48.000000 -14.500000 48.000000 -14.500000 0.0 0 
2.879793
 1 294 294 p_fort_2 Tsushima 17437 0 0 3 0 0 0 0 0 -370.000000 -210.000000 -370.000000 -210.000000 -370.000000 -210.000000 0.0 0 
1.308997
 1 295 295 p_fort_3 Kokawa-dera 17438 0 0 3 0 0 0 0 0 -104.000000 -215.000000 -104.000000 -215.000000 -104.000000 -215.000000 0.0 0 
3.926991
 1 296 296 p_fort_4 Mii-dera 17438 0 0 3 0 0 0 0 0 -81.000000 -161.000000 -81.000000 -161.000000 -81.000000 -161.000000 0.0 0 
5.235988
 1 297 297 p_fort_5 Niputay 17425 0 0 3 0 0 0 0 0 218.000000 244.000000 218.000000 244.000000 218.000000 244.000000 0.0 0 
2.094395
 1 298 298 p_fort_6 Otasut 17425 0 0 3 0 0 0 0 0 280.000000 234.000000 280.000000 234.000000 280.000000 234.000000 0.0 0 
2.879793
 1 299 299 p_salt_mine Salt_Mine 2114830 0 0 3 0 0 0 0 0 224.000000 341.000000 224.000000 341.000000 224.000000 341.000000 0.0 0 
0.000000
 1 300 300 p_four_ways_inn Four_Ways_Inn 2114830 0 0 3 0 0 0 0 0 324.000000 275.000000 324.000000 275.000000 324.000000 275.000000 0.0 0 
0.000000
 1 301 301 p_test_scene test_scene 2114830 0 0 3 0 0 0 0 0 132.000000 209.000000 132.000000 209.000000 132.000000 209.000000 0.0 0 
0.000000
 1 302 302 p_battlefields battlefields 2114830 0 0 3 0 0 0 0 0 293.000000 229.000000 293.000000 229.000000 293.000000 229.000000 0.0 0 
0.000000
 1 303 303 p_dhorak_keep Dhorak_Keep 2639116 0 0 3 0 0 0 0 0 356.000000 245.000000 356.000000 245.000000 356.000000 245.000000 0.0 0 
0.000000
 1 304 304 p_training_ground Training_Ground 2114842 0 0 3 0 0 0 0 0 139.000000 -119.000000 139.000000 -119.000000 139.000000 -119.000000 0.0 0 
0.000000
 1 305 305 p_training_ground_1 Training_Field 2118682 0 0 3 0 0 0 0 0 -81.000000 -196.000000 -81.000000 -196.000000 -81.000000 -196.000000 0.0 0 
1.745329
 1 306 306 p_training_ground_2 Training_Field 2118682 0 0 3 0 0 0 0 0 75.000000 -60.000000 75.000000 -60.000000 75.000000 -60.000000 0.0 0 
1.745329
 1 307 307 p_training_ground_3 Training_Field 2118682 0 0 3 0 0 0 0 0 206.000000 32.000000 206.000000 32.000000 206.000000 32.000000 0.0 0 
1.745329
 1 308 308 p_training_ground_4 Training_Field 2118682 0 0 3 0 0 0 0 0 -24.000000 -50.000000 -24.000000 -50.000000 -24.000000 -50.000000 0.0 0 
1.745329
 1 309 309 p_training_ground_5 Training_Field 2118682 0 0 3 0 0 0 0 0 -298.000000 -337.000000 -298.000000 -337.000000 -298.000000 -337.000000 0.0 0 
1.745329
 1 310 310 p_bridge_1 {!}1 541724 0 0 3 0 0 0 0 0 181.850000 42.950000 181.850000 42.950000 181.850000 42.950000 0.0 0 
-1.658063
 1 311 311 p_bridge_2 {!}2 541724 0 0 3 0 0 0 0 0 185.750000 14.250000 185.750000 14.250000 185.750000 14.250000 0.0 0 
1.745329
 1 312 312 p_bridge_3 {!}3 541724 0 0 3 0 0 0 0 0 158.770000 -126.940000 158.770000 -126.940000 158.770000 -126.940000 0.0 0 
2.967060
 1 313 313 p_bridge_4 {!}4 541724 0 0 3 0 0 0 0 0 113.740000 -101.600000 113.740000 -101.600000 113.740000 -101.600000 0.0 0 
-0.453786
 1 314 314 p_bridge_5 {!}5 541724 0 0 3 0 0 0 0 0 117.990000 -130.380000 117.990000 -130.380000 117.990000 -130.380000 0.0 0 
1.832596
 1 315 315 p_bridge_6 {!}6 541724 0 0 3 0 0 0 0 0 105.220000 -139.370000 105.220000 -139.370000 105.220000 -139.370000 0.0 0 
-0.890118
 1 316 316 p_bridge_7 {!}7 541724 0 0 3 0 0 0 0 0 52.250000 -160.900000 52.250000 -160.900000 52.250000 -160.900000 0.0 0 
-1.396263
 1 317 317 p_bridge_8 {!}8 541724 0 0 3 0 0 0 0 0 54.690000 -146.310000 54.690000 -146.310000 54.690000 -146.310000 0.0 0 
0.401426
 1 318 318 p_bridge_9 {!}9 541724 0 0 3 0 0 0 0 0 53.800000 -139.720000 53.800000 -139.720000 53.800000 -139.720000 0.0 0 
-1.396263
 1 319 319 p_bridge_10 {!}10 541724 0 0 3 0 0 0 0 0 53.120000 -69.660000 53.120000 -69.660000 53.120000 -69.660000 0.0 0 
0.837758
 1 320 320 p_bridge_11 {!}11 541724 0 0 3 0 0 0 0 0 74.570000 -34.200000 74.570000 -34.200000 74.570000 -34.200000 0.0 0 
1.815142
 1 321 321 p_bridge_12 {!}12 541724 0 0 3 0 0 0 0 0 -3.600000 -144.300000 -3.600000 -144.300000 -3.600000 -144.300000 0.0 0 
0.698132
 1 322 322 p_bridge_13 {!}13 541724 0 0 3 0 0 0 0 0 -27.220000 -148.980000 -27.220000 -148.980000 -27.220000 -148.980000 0.0 0 
0.942478
 1 323 323 p_bridge_14 {!}14 541724 0 0 3 0 0 0 0 0 -78.550000 -174.850000 -78.550000 -174.850000 -78.550000 -174.850000 0.0 0 
-0.209440
 1 324 324 p_bridge_15 {!}15 541724 0 0 3 0 0 0 0 0 -101.630000 -187.130000 -101.630000 -187.130000 -101.630000 -187.130000 0.0 0 
-0.157080
 1 325 325 p_bridge_16 {!}16 541724 0 0 3 0 0 0 0 0 -250.650000 -204.100000 -250.650000 -204.100000 -250.650000 -204.100000 0.0 0 
1.850049
 1 326 326 p_bridge_17 {!}17 541724 0 0 3 0 0 0 0 0 -344.000000 -249.950000 -344.000000 -249.950000 -344.000000 -249.950000 0.0 0 
0.244346
 1 327 327 p_bridge_18 {!}18 541724 0 0 3 0 0 0 0 0 -33.300000 -164.500000 -33.300000 -164.500000 -33.300000 -164.500000 0.0 0 
1.605703
 1 328 328 p_bridge_19 {!}19 541724 0 0 3 0 0 0 0 0 128.400000 -97.700000 128.400000 -97.700000 128.400000 -97.700000 0.0 0 
1.483530
 1 329 329 p_bridge_20 {!}20 541724 0 0 3 0 0 0 0 0 117.900000 34.000000 117.900000 34.000000 117.900000 34.000000 0.0 0 
-0.209440
 1 330 330 p_bridge_21 {!}21 541724 0 0 3 0 0 0 0 0 147.900000 9.850000 147.900000 9.850000 147.900000 9.850000 0.0 0 
1.413717
 1 331 331 p_bridge_22 {!}22 541724 0 0 3 0 0 0 0 0 27.700000 -177.700000 27.700000 -177.700000 27.700000 -177.700000 0.0 0 
1.012291
 1 332 332 p_bridge_23 {!}23 541724 0 0 3 0 0 0 0 0 134.920000 24.130000 134.920000 24.130000 134.920000 24.130000 0.0 0 
2.522001
 1 333 333 p_bridge_24 {!}24 541724 0 0 3 0 0 0 0 0 139.390000 -3.280000 139.390000 -3.280000 139.390000 -3.280000 0.0 0 
0.890118
 1 334 334 p_bridge_25 {!}25 541724 0 0 3 0 0 0 0 0 213.410000 248.120000 213.410000 248.120000 213.410000 248.120000 0.0 0 
0.296706
 1 335 335 p_bridge_26 {!}26 541724 0 0 3 0 0 0 0 0 227.130000 268.150000 227.130000 268.150000 227.130000 268.150000 0.0 0 
0.287979
 1 336 336 p_bridge_27 {!}27 541724 0 0 3 0 0 0 0 0 279.930000 238.840000 279.930000 238.840000 279.930000 238.840000 0.0 0 
3.019420
 1 337 337 p_bridge_28 {!}28 541724 0 0 3 0 0 0 0 0 296.570000 229.890000 296.570000 229.890000 296.570000 229.890000 0.0 0 
2.548181
 1 338 338 p_bridge_29 {!}29 541724 0 0 3 0 0 0 0 0 300.290000 244.640000 300.290000 244.640000 300.290000 244.640000 0.0 0 
0.558505
 1 339 339 p_bridge_30 {!}30 541724 0 0 3 0 0 0 0 0 236.630000 279.840000 236.630000 279.840000 236.630000 279.840000 0.0 0 
0.628319
 1 340 340 p_bridge_31 {!}31 541724 0 0 3 0 0 0 0 0 -150.780000 -222.070000 -150.780000 -222.070000 -150.780000 -222.070000 0.0 0 
0.331613
 1 341 341 p_bridge_32 {!}32 541724 0 0 3 0 0 0 0 0 -227.410000 -235.300000 -227.410000 -235.300000 -227.410000 -235.300000 0.0 0 
2.373648
 1 342 342 p_bridge_33 {!}33 541724 0 0 3 0 0 0 0 0 -335.270000 -279.120000 -335.270000 -279.120000 -335.270000 -279.120000 0.0 0 
0.209440
 1 343 343 p_bridge_34 {!}34 541724 0 0 3 0 0 0 0 0 -352.430000 -320.010000 -352.430000 -320.010000 -352.430000 -320.010000 0.0 0 
3.071779
 1 344 344 p_bridge_35 {!}35 541724 0 0 3 0 0 0 0 0 -314.500000 -327.050000 -314.500000 -327.050000 -314.500000 -327.050000 0.0 0 
1.535890
 1 345 345 p_bridge_36 {!}36 541724 0 0 3 0 0 0 0 0 -298.020000 -319.250000 -298.020000 -319.250000 -298.020000 -319.250000 0.0 0 
3.752458
 1 346 346 p_bridge_37 {!}37 541724 0 0 3 0 0 0 0 0 -277.730000 -265.140000 -277.730000 -265.140000 -277.730000 -265.140000 0.0 0 
1.378810
 1 347 347 p_bridge_38 {!}38 541724 0 0 3 0 0 0 0 0 -248.890000 -170.960000 -248.890000 -170.960000 -248.890000 -170.960000 0.0 0 
0.349066
 1 348 348 p_bridge_39 {!}39 541724 0 0 3 0 0 0 0 0 -292.550000 -213.380000 -292.550000 -213.380000 -292.550000 -213.380000 0.0 0 
1.623156
 1 349 349 p_bridge_40 {!}40 541724 0 0 3 0 0 0 0 0 155.610000 119.600000 155.610000 119.600000 155.610000 119.600000 0.0 0 
2.600541
 1 350 350 p_bridge_41 {!}41 541724 0 0 3 0 0 0 0 0 130.000000 94.740000 130.000000 94.740000 130.000000 94.740000 0.0 0 
2.548181
 1 351 351 p_bridge_42 {!}42 541724 0 0 3 0 0 0 0 0 133.650000 67.690000 133.650000 67.690000 133.650000 67.690000 0.0 0 
2.722714
 1 352 352 p_bridge_43 {!}43 541724 0 0 3 0 0 0 0 0 164.970000 -15.020000 164.970000 -15.020000 164.970000 -15.020000 0.0 0 
2.809980
 1 353 353 p_bridge_44 {!}44 541724 0 0 3 0 0 0 0 0 83.910000 -28.060000 83.910000 -28.060000 83.910000 -28.060000 0.0 0 
2.583087
 1 354 354 p_bridge_45 {!}45 541724 0 0 3 0 0 0 0 0 154.150000 -119.040000 154.150000 -119.040000 154.150000 -119.040000 0.0 0 
1.518436
 1 355 355 p_looter_spawn_point {!}looter_sp 1280 0 0 2 0 0 0 0 0 34.000000 -114.000000 34.000000 -114.000000 34.000000 -114.000000 0.0 1 543 15 0 0 
0.000000
 1 356 356 p_seto_pirate_spawn_point Kyushu 1280 0 0 2 0 0 0 0 0 -215.000000 -209.000000 -215.000000 -209.000000 -215.000000 -209.000000 0.0 1 543 15 0 0 
0.000000
 1 357 357 p_kanto_rebel_spawn_point the_Kanto 1280 0 0 2 0 0 0 0 0 117.000000 -110.000000 117.000000 -110.000000 117.000000 -110.000000 0.0 1 543 15 0 0 
0.000000
 1 358 358 p_shinano_rebel_spawn_point Shinano 1280 0 0 2 0 0 0 0 0 32.000000 -95.900000 32.000000 -95.900000 32.000000 -95.900000 0.0 1 543 15 0 0 
0.000000
 1 359 359 p_woku_pirate_spawn_point the_Seto_Inland_Sea 1280 0 0 2 0 0 0 0 0 -361.000000 -291.000000 -361.000000 -291.000000 -361.000000 -291.000000 0.0 1 543 15 0 0 
0.000000
 1 360 360 p_kinai_rebel_spawn_point the_Kinai 1280 0 0 2 0 0 0 0 0 -90.000000 -186.000000 -90.000000 -186.000000 -90.000000 -186.000000 0.0 1 543 15 0 0 
0.000000
 1 361 361 p_monk_rebel_spawn_point the_Tokaido 1280 0 0 2 0 0 0 0 0 -7.000000 -165.000000 -7.000000 -165.000000 -7.000000 -165.000000 0.0 1 543 15 0 0 
0.000000
 1 362 362 p_northern_raider_spawn_point Ezo 1280 0 0 2 0 0 0 0 0 130.000000 210.000000 130.000000 210.000000 130.000000 210.000000 0.0 1 543 15 0 0 
0.000000
 1 363 363 p_spawn_points_end {!}last_spawn_point 1280 0 0 1 0 0 0 0 0 120.000000 -120.000000 120.000000 -120.000000 120.000000 -120.000000 0.0 1 543 15 0 0 
0.000000
 1 364 364 p_reserved_1 {!}last_spawn_point 1280 0 0 1 0 0 0 0 0 120.000000 -120.000000 120.000000 -120.000000 120.000000 -120.000000 0.0 1 543 15 0 0 
0.000000
 1 365 365 p_reserved_2 {!}last_spawn_point 1280 0 0 1 0 0 0 0 0 120.000000 -120.000000 120.000000 -120.000000 120.000000 -120.000000 0.0 1 543 15 0 0 
0.000000
 1 366 366 p_reserved_3 {!}last_spawn_point 1280 0 0 1 0 0 0 0 0 120.000000 -120.000000 120.000000 -120.000000 120.000000 -120.000000 0.0 1 543 15 0 0 
0.000000
 1 367 367 p_reserved_4 {!}last_spawn_point 1280 0 0 1 0 0 0 0 0 120.000000 -120.000000 120.000000 -120.000000 120.000000 -120.000000 0.0 1 543 15 0 0 
0.000000
 1 368 368 p_reserved_5 {!}last_spawn_point 1280 0 0 1 0 0 0 0 0 120.000000 -120.000000 120.000000 -120.000000 120.000000 -120.000000 0.0 1 543 15 0 0 
0.000000
