1
1
1
1
1
1
1
1
1
1
1
1
1
1
1
1
1
1
1
1
1
1
1
1
1
1
1
1
1
1
1
1
1
1
1
1
1
1
1
1
1
1
1
1
1
1
1
1
1
1
1
1
1
1
1
1
1
1
1
1
1
1
1
1
1
1
1
1
1
1
1
1
1
1
1
1
1
1
1
1
1
1
1
1
1
1
1
1
1
1
1
1
1
1
1
1
1
1
1
1
6
2
6
4
3
2
2
2
6
6
7
6
7
6
23
2415
12
443
140
51
66
111
7
2
16
34
13
10
2
3
2
3
2
2
8
207
35
29
2
8
10
59
2
2
3
20
75
12
13
73
11
57
145
7
6
5
6
2
2
33
15
15
27
7
2
2
9
2
13
5
2
5
4
10
4
13
3
6
8
2
4
3
4
4
4
2
2
11
2
3
5
15
4
8
48
2
43
2
18
6
7
2
18
2
5
3
5
2
181
4
3
17
18
11
11
11
6
6
2
26
3
2
11
4
18
2
6
5
5
5
10
4
9
3
3
10
15
7
258
2
1
2
4
1
1
1
2
5
2
6
5
5
5
5
5
35
2
2
4
6
3
3
2
6
2
3
4
4
4
23
17
4
2
2
2
3
3
3
9
3
2
2
2
2
46
3
5
3
2
3
78
437
2
1
1
6
34
26
1
11
6
9
6
4
18
6
3
19
42
4
3
16
7
12
10
4
63
36
6
9
15
30
5
2
4
3
2
55
2
9
2
2
2
3
4
3
2
3
6
7
7
694
12
26
3
14
3
3
4
2
12
4
3
12
3
2
5
6
4
3
3
2
3
2
7
2
2
3
9
5
2
3
9
14
7
6
3
2
11
3
5
5
2
5
4
3
17
5
5
5
5
5
2
9
4
7
2
2
2
6
5
794
2
2
12
2
2
3
13
3
14
22
5
63
4
954
3
2
2
2
11
2
2
2
2
19
11
5
2
2
23
13
23
9
3
3
10
10
4
9
11
4
7
2
8
2
2
2
2
2
2
3
6
3
3
1
13
2
2
2
2
2
2
2
2
2
6
1
25
3
3
3
3
3
2
1
14
2
2
2
2
2
2
2
1
9
2
2
2
2
2
2
1
11
9
292
9
17
9
3
2
2
21
2
2
3
3
2
2
2
9
13
38
36
9
5
36
10
7
12
3
2
2
10
4
13
11
8
12
12
12
8
13
13
13
13
7
7
7
2
2
2
2
2
2
2
2
2
3
4
3
5
4
4
4
4
4
4
6
6
5
5
4
4
4
4
4
4
4
9
7
10
4
4
4
11
4
4
4
4
4
4
4
4
4
4
4
4
4
12
4
4
4
4
36
7
7
3
4
7
3
7
3
4
3
2
2
4
15
5
7
3
7
3
7
3
7
3
7
3
7
3
7
3
7
3
7
3
4
4
2
2
2
2
8
6
5
5
2
2
2
2
2
40
24
7
4
2
5
2
2
5
5
19
13
14
8
6
5
2
4
3
4
4
4
5
5
7
5
5
5
4
4
2
4
5
4
15
4
4
4
4
4
4
2
3
4
4
3
3
5
2
4
3
3
4
4
3
3
2
4
4
9
3
6
4
4
4
3
3
3
3
3
3
3
4
4
3
3
3
3
3
3
4
4
3
3
3
3
4
4
3
3
3
3
4
4
3
3
3
3
4
4
3
3
16
3
5
4
4
2
3
3
2
7
7
7
7
7
7
7
7
7
37
37
37
37
37
37
37
37
37
3
38
29
8
12
12
12
38
28
8
12
12
12
38
26
8
12
12
12
38
26
8
12
12
12
38
26
8
12
12
12
38
26
8
12
12
12
38
26
8
12
12
12
38
26
8
12
12
12
38
26
8
12
12
12
23
24
24
21
18
16
15
5
3
3
11
5
5
5
5
4
4
4
4
4
4
4
4
4
4
4
4
6
6
7
6
6
5
5
5
12
11
10
8
6
6
6
6
7
7
7
6
4
4
3
3
1
1
3
1
11
3
2
3
13
4
34
15
22
22
4
4
11
8
19
19
27
27
19
9
7
7
7
7
6
23
10
5
5
13
12
12
24
167
43
5
12
3
10
19
1
36
33
3
3
2
9
10
11
10
28
18
6
4
9
3
2
2
2
2
3
5
2
4
2
4
7
3
12
3
3
3
4
4
5
2
4
4
7
3
3
3
19
16
4
4
5
4
2
6
6
5
2
3
7
2
5
3
3
15
2
3
3
3
2
2
5
5
8
35
2
3
29
3
5
2
3
2
2
2
36
30
159
46
3
2
2
3
3
23
10
12
12
9
3
3
3
3
2
17
6
2
7
21
12
2
3
11
11
10
10
9
5
9
11
7
8
4
2
3
2
2
3
2
22
28
10
13
3
3
4
3
4
1
13
6
6
3
3
2
2
3
6
18
17
5
10
12
5
2
3
3
14
9
13
7
8
3
12
12
29
29
28
29
29
28
15
8
15
8
15
8
12
8
15
8
15
8
10
3
10
3
8
3
8
6
9
14
7
6
4
4
2
2
2
2
2
2
2
2
2
2
2
2
2
3
2
2
2
2
5
2
2
2
3
2
1
3
1
19
2
1
30
2
1
7
7
7
7
7
7
9
3
4
16
1
4
7
11
6
8
2
4
2
2
2
2
2
2
2
2
2
2
2
4
7
9
7
7
2
16
6
5
3
11
2
2
2
9
3
3
4
2
4
7
2
6
2
2
5
5
2
1
5
5
1
3
2
51
46
142
27
7
14
2
3
8
14
1
44
12
1
1
3
6
4
4
34
3
6
23
3
2
3
2
38
11
2
16
8
41
52
35
9
9
9
18
18
18
27
27
9
18
54
54
18
18
18
16
11
5
6
6
2
3
3
2
2
2
3
3
4
2
2
4
1
9
1
3
10
3
8
2
6
4
29
6
12
1
4
3
2
1
7
2
43
4
3
