1
1
1
1
1
1
1
1
1
1
1
1
1
1
1
1
1
1
1
1
1
1
1
1
1
1
1
1
1
1
1
1
1
1
1
1
1
1
1
1
1
1
1
1
1
1
1
1
1
1
1
1
1
1
1
1
1
1
1
1
1
1
1
1
1
1
1
1
1
1
1
1
1
1
1
1
1
1
1
1
1
1
1
1
1
1
1
1
1
1
1
1
1
1
1
1
1
1
1
1
6
4
8
6
5
4
4
4
8
8
7
6
7
6
25
2837
12
563
274
51
134
111
7
2
16
38
13
10
2
3
2
3
2
2
10
213
35
39
2
10
32
79
2
2
3
20
75
12
13
117
11
57
145
15
16
15
6
2
2
55
15
21
29
9
2
2
17
2
15
5
2
5
6
10
6
13
3
10
8
2
4
3
4
4
4
2
2
11
2
3
5
17
10
8
104
2
49
34
28
6
7
2
26
4
5
3
5
2
181
4
3
21
22
11
11
11
14
6
2
26
3
2
11
4
18
2
6
5
5
5
10
4
9
3
3
10
15
7
268
2
1
2
8
1
1
1
2
5
2
6
7
7
7
7
7
35
2
2
4
6
3
3
2
6
2
7
8
4
4
23
17
4
2
2
2
5
3
3
9
3
2
2
2
2
64
3
5
3
2
3
102
925
2
1
1
6
36
26
1
11
6
9
6
4
18
10
3
19
100
6
5
20
7
12
10
4
133
58
8
13
15
30
7
2
4
3
4
95
4
9
4
4
4
7
8
3
4
3
6
7
9
824
12
38
5
26
3
3
4
2
12
4
5
14
3
4
9
6
8
7
9
4
3
2
15
2
2
3
9
5
2
3
15
16
33
6
3
2
25
5
7
7
4
5
4
3
17
5
5
5
5
5
2
9
6
7
2
2
2
6
5
994
2
2
12
4
4
3
13
3
14
32
5
83
12
1630
3
6
4
2
15
2
2
2
2
19
11
5
2
2
23
21
23
15
13
3
10
10
6
9
11
4
7
2
8
2
2
2
2
2
2
3
6
3
3
1
13
2
2
2
2
2
2
2
2
2
6
1
25
3
3
3
3
3
2
1
14
2
2
2
2
2
2
2
1
9
2
2
2
2
2
2
1
21
13
512
15
17
9
5
2
2
33
2
2
3
3
2
2
2
21
15
46
42
9
5
40
18
23
18
3
2
2
10
4
17
21
8
12
12
12
8
13
13
13
13
7
7
7
2
2
2
2
2
2
2
2
2
3
4
3
5
4
4
4
4
4
4
6
6
5
5
4
4
4
4
4
4
4
9
7
10
4
4
4
11
4
4
4
4
4
4
4
4
4
4
4
4
4
12
4
4
4
4
42
21
21
5
4
7
3
7
3
4
9
2
2
4
15
5
7
3
7
3
7
3
7
3
7
3
7
3
7
3
7
3
7
3
4
4
2
2
2
2
8
6
7
9
4
4
4
4
4
40
54
7
4
2
5
2
2
5
5
19
13
14
8
6
5
2
4
3
4
4
4
5
5
7
5
5
5
4
4
2
4
5
4
15
4
4
4
4
4
4
2
3
4
4
3
3
5
2
4
3
3
4
4
3
3
2
4
4
9
3
6
4
4
4
3
3
3
3
3
3
3
4
4
3
3
3
3
3
3
4
4
3
3
3
3
4
4
3
3
3
3
4
4
3
3
3
3
4
4
3
3
16
3
5
4
4
2
3
3
2
25
25
25
25
25
25
25
25
25
59
59
59
59
59
59
59
59
59
3
44
35
10
18
18
18
44
34
10
18
18
18
44
32
10
18
18
18
44
32
10
18
18
18
44
32
10
18
18
18
44
32
10
18
18
18
44
32
10
18
18
18
44
32
10
18
18
18
44
32
10
18
18
18
23
24
24
21
18
16
15
5
3
3
11
5
5
5
5
8
8
8
8
8
8
8
8
8
8
8
8
6
8
11
8
6
11
11
11
12
11
10
8
6
6
6
6
7
7
7
6
4
4
3
3
1
1
3
1
15
7
4
5
23
12
52
33
40
40
16
16
29
26
31
31
51
51
39
25
21
21
21
21
22
49
30
19
19
37
36
30
28
179
47
7
14
5
34
35
3
80
81
5
5
4
13
16
19
16
42
30
20
16
11
5
8
8
8
16
13
9
22
12
4
14
15
5
36
11
7
9
12
10
15
8
16
18
23
11
9
11
23
20
10
8
13
8
6
10
20
7
4
13
23
6
15
17
13
23
8
5
9
9
6
6
9
15
12
37
4
5
65
5
7
6
7
6
8
8
68
32
159
46
5
2
2
3
3
27
10
12
12
9
3
3
3
3
2
17
6
2
7
21
12
2
3
11
11
10
10
9
5
9
11
7
8
6
2
7
2
4
7
2
64
78
36
39
7
5
4
5
4
1
13
6
6
3
3
8
2
3
6
18
17
5
10
12
5
4
3
3
14
13
17
9
8
3
16
16
29
29
28
29
29
28
19
12
19
12
19
12
12
12
19
12
19
12
14
3
14
3
12
3
10
12
11
16
11
10
6
4
2
2
14
12
8
8
8
14
6
14
6
6
6
9
6
10
8
6
7
4
4
4
7
4
1
3
1
19
2
1
34
2
1
7
7
7
7
7
7
9
3
6
16
1
4
7
11
6
8
2
4
6
10
10
2
6
6
2
4
4
2
2
4
13
17
7
19
2
16
6
5
3
11
4
2
2
39
11
11
4
2
4
25
2
6
2
4
5
5
6
1
5
15
1
7
4
71
78
142
67
7
22
2
3
12
20
1
52
22
3
1
3
6
4
4
48
5
6
29
3
2
3
4
38
11
2
24
8
101
122
35
9
9
9
18
18
18
27
27
9
18
54
54
18
18
18
16
11
5
6
6
2
3
3
2
2
2
3
3
4
2
2
4
1
9
1
5
22
5
18
2
6
6
33
14
40
3
6
3
2
3
9
6
83
12
3
